1580
1441
25
4806
9591
844
3363
2385
1788
3175
420
5667
6851
3941
3309
4143
1364
7803
6989
6559
8232
387
8592
7821
2668
7769
5973
7934
3347
2758
2366
235
3659
4358
3808
7246
3864
2584
4107
9909
780
5762
387
8966
4632
4718
444
2096
4652
9140
7333
1433
7274
2597
3851
1673
393
514
5038
9394
1509
887
4544
7466
2356
6568
8937
2999
4420
774
5209
9559
3471
9213
405
9096
192
5565
1906
314
9200
883
8448
7759
3257
3956
4253
124
8492
4742
2107
1216
4781
9882
891
5613
7852
4617
9960
7
527
6378
2385
6792
7194
6766
1070
7246
7761
2936
9892
914
4324
6588
3347
7430
4233
7331
9212
7114
5128
9752
1552
9514
7135
4803
1748
4312
6662
9023
289
8369
4957
857
4087
4607
433
7223
7906
6523
7469
2195
725
5004
365
1331
2322
7713
350
1895
139
534
3266
2606
5491
4150
559
8484
6622
3982
2439
8988
2391
602
9794
4198
4224
8542
247
9694
5636
4467
8730
5137
6105
3804
9999
7948
9345
7731
2684
739
8335
6645
9917
4906
4822
6855
8993
6339
3741
596
5010
277
8559
8660
2674
7510
7839
6026
7169
645
4969
6906
2074
2054
8308
2453
9517
7595
4547
7778
3288
1259
2027
2571
6478
1057
6270
8785
9065
1204
2582
8509
1116
5614
7853
7541
7985
6716
7801
8359
5362
1457
4533
5540
7891
295
3611
8204
7308
2547
3790
2722
2996
2964
7347
6811
7944
4280
9263
5673
2284
7354
1067
1295
680
7292
8213
2944
5796
3516
9041
1624
9182
5719
2620
6998
1048
1959
8720
6580
3247
490
1476
8373
5989
8049
6699
538
7680
1393
701
1457
5660
8345
5746
7803
8427
5824
6506
5512
2093
6507
5691
8354
2427
7833
434
1970
9452
5387
7450
2050
2586
5762
9642
2769
4815
3862
6472
7852
6602
3601
9435
4927
6494
6598
1231
5544
5497
1889
3746
7252
2161
3213
7531
2712
5738
8668
1498
7582
6869
4838
8378
6666
4403
5616
291
5000
5815
8264
4029
5876
6969
6860
4174
7670
4902
1396
8964
7400
8293
8770
2831
3701
4453
8628
5685
2783
3058
9811
3513
9021
7782
6668
4646
384
2651
5193
4821
7072
7711
6747
5806
167
5185
2837
1098
6794
3896
3224
663
8240
979
6327
7813
8288
9355
2918
4926
9083
820
9332
3539
5219
5570
8290
6625
2183
4617
2223
5874
6140
605
4337
3743
3609
23
3106
9491
7071
985
5573
4731
531
616
5347
7450
5962
4808
4679
7929
9360
1607
6274
2108
2036
4623
2683
6591
9219
3727
6679
5343
4240
9075
3857
9301
1565
9983
2982
3309
4329
9083
8495
3829
4310
2296
9900
5808
8181
9521
9706
8027
5841
3244
3824
1607
1253
4816
284
8165
1242
577
8389
2096
1104
7446
5180
2979
9576
8652
2244
9947
8269
9891
1515
695
7917
6102
4660
8925
9079
5864
739
5670
1603
7898
2164
1577
9896
9929
1832
8694
1278
3988
2301
7608
5537
1051
1928
2365
3662
5683
6450
2242
9101
6582
5580
7959
4971
7591
8225
5811
963
8483
9191
8800
8441
2963
3632
2998
9843
4782
8595
7222
3476
9195
4418
6860
7861
2356
1737
6632
4114
9415
4178
9430
1983
4358
6951
8905
4821
9278
6117
6454
4765
8932
9609
6108
216
2763
6634
3138
4105
899
8146
937
735
4315
1866
1601
114
1207
4081
4023
1897
1340
281
3227
6086
2216
5791
8575
175
112
8837
4988
1722
2385
1533
6911
1348
3943
6452
7377
686
9004
9272
9908
3140
9352
8904
9816
955
6407
9799
1326
295
9640
1548
6388
6870
6097
1976
6783
2668
7840
5013
5383
4332
5900
8680
9324
4432
2603
1155
8198
1366
4637
3386
9354
8071
9013
4495
5816
3732
2231
3564
2689
3759
6316
6477
8279
3123
1603
8439
508
7506
9363
537
1372
8681
523
109
3287
3953
3242
6171
4678
5221
1546
6011
8447
171
9830
3940
3684
3857
3581
5494
1237
246
2463
6529
5750
4370
7044
7135
4555
626
1148
5509
3487
628
3057
5889
4
4395
392
3136
9957
2607
9015
5583
8408
2997
3792
1116
3231
5687
1595
5577
157
3327
1715
7019
9013
1285
6982
1605
6190
2931
1408
812
4788
3233
33
279
5416
1057
7466
2822
8519
2937
7912
9627
1719
9577
6407
313
4734
5064
4135
8167
1997
1568
5484
1249
4714
8242
7999
9580
4395
9991
450
740
8302
4532
3937
8468
1846
5144
4772
7744
383
5622
2561
4722
3347
186
2910
5040
1701
3130
8612
4727
9194
378
8143
7926
4119
6156
8482
2873
4854
5986
2791
8767
4098
1009
4324
3531
9090
4260
969
8036
5107
6698
3094
3721
365
9853
9034
885
3239
5920
7926
6746
8343
4660
4927
9118
7441
6647
754
9327
2385
4889
6498
4915
8884
9660
8622
3424
3808
1768
5582
1461
4581
4025
1739
403
9003
4966
5326
3580
4458
3342
2272
4086
8408
1344
4385
556
6924
9079
6293
1922
2642
8704
776
8962
9016
7514
7698
9832
8229
7913
5894
4934
2937
4519
3364
2325
3744
5960
623
3017
6592
296
9592
9855
1729
4483
7065
3413
9836
7152
9502
4534
428
2011
4301
8898
7665
686
2054
8118
6340
6155
9366
7484
7829
9961
1718
5698
9376
7224
1776
5039
5038
818
8241
3528
2615
2944
5226
7486
6453
263
9296
3089
2691
3565
6388
5221
6469
1836
7373
7247
1154
3153
1377
3644
6235
3073
1683
9278
2271
9562
3350
8372
7111
9777
3711
3189
621
653
3256
441
5242
7934
6545
2292
5436
8667
8914
5888
4038
7976
4219
3509
9457
7488
2140
296
5297
293
5472
6638
4610
4337
4644
2971
3249
8663
3110
9787
8583
1323
7352
235
8576
5499
4
3429
8010
9657
3770
2647
1529
3158
1812
9759
6823
3916
6234
5717
2009
3048
8481
4869
1612
7474
7503
9863
3342
6922
4506
2269
874
9265
2254
7240
2811
6369
9181
9367
7665
698
9312
9774
737
8682
7580
1967
1735
3656
9424
9239
1847
7486
2731
4247
6994
7840
6858
6877
9219
5613
9567
3791
8168
3857
5357
8724
4430
1092
1232
3455
6086
691
6809
7848
68
5481
7271
1417
1990
1033
3634
6882
2481
6363
3488
8921
6022
3729
9482
8690
500
4036
2825
7990
8791
4688
8010
1971
8671
9352
5473
2928
2539
1416
7769
8987
7492
3205
4489
2337
8326
8979
2722
5722
5465
8563
7254
8558
4222
1830
1699
56
5653
4787
5180
3493
347
7409
408
7177
2448
7810
2052
3375
8999
7452
3971
7242
5158
7716
4310
3276
6557
6297
6551
1522
8564
6059
1983
8315
3421
5254
5304
8644
9129
7439
4028
6737
6854
1449
156
9801
2470
9124
9181
8655
6347
1332
7436
3032
46
4457
98
8638
831
144
2195
512
8758
9573
5840
9763
1816
2275
3517
5770
1941
6058
3037
9373
766
3724
9833
3641
7653
8580
2639
4708
5389
4931
4039
3691
3439
9288
8865
7482
670
6620
9674
6311
6819
7095
2910
8251
7730
6706
3127
9438
77
7114
4083
2222
4135
5149
9988
9707
6720
8245
3841
2339
2591
8926
1657
869
2927
8854
2535
8836
7264
5760
5906
2762
6094
4612
4604
6758
8207
2775
1258
1507
4597
2162
6002
2743
2899
449
1264
9477
2813
619
3812
2943
504
3897
5477
6635
512
5701
4233
4272
5544
4513
332
9214
2044
5360
6141
8888
9539
677
9401
9183
1328
8214
8335
7420
7496
8876
9122
3945
5166
3466
1277
7932
329
9496
3376
2913
2183
4699
6697
7124
3627
5058
4318
9944
6929
3871
743
1062
1683
8401
2760
4149
2244
5594
940
5778
3881
2002
4989
7052
5911
4007
9232
3679
9992
1614
9406
8667
7368
4203
7612
1537
4267
7592
1276
8602
8769
4886
4172
7491
1089
702
6045
5080
211
9826
3070
6476
7354
4998
7302
7618
7598
772
7505
156
3416
5856
866
8541
3494
4056
1654
4525
9342
1031
1369
4233
5584
840
1586
8004
6356
9633
5513
638
8818
5603
4793
702
5728
6876
1681
1999
3126
6583
292
8869
5421
3473
9024
5723
7606
8345
9324
9867
2568
9123
8026
7721
4721
6792
2972
9596
1469
6942
179
4889
292
1952
1522
9277
7182
2458
9233
1735
9106
4723
6717
9777
5948
7254
7069
1673
7676
255
3568
2992
9835
7311
9842
4270
6521
3116
6301
4351
1874
3432
4668
2270
2143
556
2523
6237
8408
5874
218
8142
3527
3404
8385
321
8952
3
7117
8187
2860
63
8471
5007
4141
7584
5238
7387
1436
4679
8331
3922
6246
7365
2187
4033
1765
5149
8201
6128
6498
5928
561
2840
361
7078
770
7099
1573
955
8099
6452
7914
4286
5862
540
2721
2313
4265
1478
6766
4141
7705
4024
1213
9942
7377
5302
2603
6759
3121
8605
177
2993
890
8872
5771
9813
8901
3171
8919
4916
6355
2906
1961
3358
335
9196
539
1615
464
530
3202
9987
6651
2662
4364
1602
2805
2545
4629
8396
7669
4149
312
1281
1128
3300
1394
6205
3230
2715
6291
2031
7106
3839
8846
6837
9368
4466
5040
4166
5406
7298
2061
9483
5797
3903
3974
2683
7225
1654
1782
9937
4779
7918
5180
9132
448
254
6387
6371
3442
266
7148
291
8628
5176
6301
5366
2915
7203
8323
6946
4104
5755
8547
8267
5819
5383
4191
310
1121
4809
3732
3387
4213
3772
6767
3733
7237
9116
1007
5642
9747
113
1222
1362
7308
6282
7514
3813
4326
4658
1272
1270
402
8626
6648
8502
3152
4067
587
1542
5794
7693
129
9405
5561
5601
8311
7505
1724
9632
3693
4694
6583
2054
8246
9152
4463
6231
9880
8343
1683
2324
3476
454
2287
2777
7360
2720
9706
5734
4943
4496
2543
3864
946
4091
7977
3316
5575
676
7672
2975
5072
9915
272
957
4655
9955
2272
5188
2381
6542
8704
7692
3210
4584
19
6869
302
4349
8524
9077
7438
3032
1629
8524
8362
1497
8507
1654
2884
6465
2270
2445
8043
5021
2612
8201
4149
6125
4180
7989
1083
3376
5120
1406
1326
3390
2291
8746
5143
8641
8042
8115
9148
3057
6864
2975
6623
7467
1874
5421
5728
4349
497
5646
467
3040
1253
2222
8396
7827
9822
3901
8807
6416
2022
2911
1684
8941
3315
3324
8991
6513
5816
980
8302
7808
923
6835
1555
965
3185
7549
5425
3099
6742
8070
7436
4825
473
9296
1593
8184
7251
3186
900
1490
4936
7266
4545
8200
1718
9151
3722
6079
7322
7965
1302
6633
4403
3517
3595
5788
9534
9928
8459
9201
8192
1801
9801
8059
9682
6948
7055
8385
502
5111
8136
4090
1849
7403
4616
2692
5777
8295
3739
5345
4101
3233
347
8159
5595
8065
3179
7058
860
2613
1520
3281
68
219
9584
9145
5974
1246
9426
7138
7164
191
5589
6476
8028
2831
7597
9925
8567
439
4615
6106
3451
261
270
6967
4952
7427
9510
9053
2287
6597
2182
31
5333
5935
1635
57
3464
2257
807
894
8713
4704
7696
8780
9447
258
8676
5438
6748
8293
6754
3726
177
124
2933
1941
1213
4727
8306
3216
9626
9566
4320
8032
1656
1083
4887
1839
4907
561
9664
7610
4368
4956
3069
8639
7581
8902
2098
8500
3046
7331
5216
7057
5291
5274
3539
7180
5742
2449
3601
6559
6099
8868
2818
7528
9201
3665
8911
5645
933
163
9204
9385
5829
5592
4415
1048
2690
3953
1050
9371
3046
1447
4821
2472
4061
9812
1788
5537
2305
5157
424
6735
2349
5562
321
9051
3091
726
7489
5976
729
1514
4868
5937
2957
6713
1995
8635
9546
2951
8496
1030
3123
4563
3044
9925
1020
5246
2260
7415
2215
2758
1659
1954
7676
3940
5024
4588
9282
1231
2767
6037
2106
2826
9414
1540
332
5153
2998
3916
7049
8555
9273
714
9022
1116
1842
8414
7962
42
448
436
8583
1546
9165
6638
6324
6711
6051
5008
1459
3054
1966
7863
1262
2312
1837
6326
3685
8101
1745
8447
2866
1409
1368
5915
9102
4134
6451
2774
1612
4670
5443
4234
7811
3203
7459
4742
6873
2822
1631
26
1466
4152
82
8354
6376
600
909
8476
45
8169
1363
7480
1275
8574
2929
6540
3893
421
2171
6097
3462
1246
850
6253
1951
9575
705
7870
5743
1893
263
3487
7930
1617
5263
2778
5500
6780
6346
4282
5991
2688
7903
6108
6839
1109
2104
594
55
2525
8942
8899
7261
2445
591
1730
5616
7288
1323
4586
5562
9529
5759
4019
7608
9373
5464
2291
6526
7338
5529
2756
1383
688
4296
4557
9402
6283
9906
8848
9977
3090
7679
8624
2451
3135
3888
2781
2793
27
8261
5582
478
53
4203
9113
199
2815
610
1762
370
6950
7725
7293
2019
7868
2179
385
457
9875
7794
204
6575
7064
9811
2125
4446
3977
536
1810
1871
3236
8770
1806
6335
2958
6672
6342
4252
6685
9681
4185
956
275
6698
5402
1532
1959
708
8059
8118
3105
9916
2392
8204
6162
5742
8477
7888
2334
9948
6596
5158
8487
1607
207
369
3943
2929
1774
5594
826
6825
3774
2880
6565
7173
1023
2233
5959
3374
8143
7942
4250
8437
3496
8084
7670
7587
4899
4175
7859
4959
7128
6609
5560
88
8916
6840
7909
2770
6340
6726
3641
4414
1860
2226
8913
6849
9375
1403
7406
4518
226
589
1105
1632
5985
7228
6310
1656
5589
1965
2683
5877
8577
3925
8779
4809
9920
7592
6539
7399
9406
755
8031
2163
6063
9654
6314
6050
879
7609
9873
1009
8150
8031
8267
3185
4263
9304
7751
2495
8246
2768
746
1874
4133
9925
6596
5278
9417
1254
7837
5621
285
6982
5969
1565
9571
8400
6725
5629
8418
5045
628
7392
9121
7552
2555
4380
7566
4411
7070
9389
2699
9642
1861
43
2341
2757
6246
7562
7539
3716
2960
9375
8856
9394
6369
1792
5444
5492
4693
2372
3677
1667
4155
1626
2150
1461
4886
9254
4489
4793
8717
8070
3446
8145
6671
4498
3240
9034
9895
8146
1984
8199
1351
2074
9521
8572
9844
4432
9271
8822
6462
2797
8708
7128
2666
2386
9688
2016
9598
8050
9213
408
4281
5821
9837
4984
1756
4782
7232
2152
3961
1098
7509
7539
5062
872
1436
968
4046
4416
9550
9194
7765
1740
1034
6247
4357
8843
6718
9238
7402
1876
3949
3593
8102
8152
6514
5266
9281
1856
50
7186
881
8613
1079
2285
6786
4575
5055
5369
2243
3301
2783
8228
5437
2851
9525
1477
416
2970
4777
7579
7531
5665
2143
1027
5144
9673
7851
7461
9618
8686
1281
5565
6884
8649
2873
5735
2479
5346
5612
3907
4247
627
9933
2185
9962
1192
4614
6310
8959
8771
1694
1012
7
5036
2484
5591
2258
325
9003
3300
5682
8411
7346
7132
7476
6744
255
8310
3232
4294
5767
7547
6925
5742
8540
4347
6305
4206
5780
4029
9477
6745
5314
9555
6162
5113
8147
940
9946
1215
9191
7283
2949
7227
8729
228
7190
2231
4893
3455
8089
9917
2486
3413
5435
8650
6081
7919
4854
1962
3233
5647
9624
2
7511
4350
4671
2300
1422
7044
8195
9325
7009
1941
8607
2851
1786
8217
8926
9578
7303
9220
4222
8669
3883
2948
2020
4970
990
1946
1468
4830
8754
1295
1690
6288
8563
519
3154
9898
1818
7363
8480
1137
6079
9056
725
8758
8456
509
6607
4932
2786
6795
7236
1082
9498
9213
5531
9923
4809
8686
9527
3264
1690
8097
3184
8152
9913
340
6224
9382
378
4302
2551
6768
3795
4055
1275
7656
1367
8023
5551
1579
9376
4838
9647
5414
1352
5827
5941
6425
1044
6848
7436
4068
8558
9739
7103
8206
125
551
1804
6340
7459
3704
9946
7614
1235
1646
7284
8717
9677
6905
5329
465
9767
635
8673
1463
2201
1531
391
3968
7989
9669
3534
4172
9698
2382
4537
2261
7348
6454
2010
5849
5913
1974
7966
6382
7922
3817
5844
7002
2060
3991
5752
3291
6314
1644
1265
5536
3505
2744
9635
9851
15
1807
1057
6446
3993
6064
1443
9586
4960
7315
9727
5207
9487
6012
5655
8758
6932
9068
7247
3810
6792
3110
9002
8092
8125
6575
9248
1942
3427
1615
5214
2143
2823
6500
7802
2877
3480
6901
5985
8329
9271
5860
6910
8692
8395
8477
5769
7448
5805
8475
1035
3689
8983
4186
7577
5370
7588
9687
2788
108
900
5843
6076
6752
5407
8694
300
862
6835
7473
1798
4286
268
1772
3996
8036
3870
6685
5352
1513
6722
6762
297
4388
4075
4006
9339
2247
2628
9895
2081
5637
7832
345
1329
690
445
6683
7292
387
4637
1798
7368
5781
9955
1166
4812
3033
6127
609
6872
6317
2614
77
5119
2389
5673
7087
2962
5416
7455
6885
1818
520
1154
8804
4337
6057
4099
1605
1357
4322
8923
3771
378
4721
1040
2784
3411
6937
5888
9917
5389
9575
3484
9720
1568
1395
6932
5496
2115
6577
2827
4724
6723
1862
8295
6121
1999
3608
8967
6266
6195
9727
8161
4770
6287
5528
1319
8261
3700
3863
1205
3636
8042
8972
7594
1759
8065
1103
2625
533
5714
9366
6427
6008
9856
9781
8970
2763
6321
2580
1724
5469
6659
6604
6514
2159
5661
7403
5708
1009
2755
1800
9620
7227
5925
3168
3923
1527
949
3279
9363
7964
1363
2554
8291
2820
6454
5576
1344
7999
9273
1985
262
257
9712
6047
5827
7655
1942
8257
7620
9175
709
4111
7359
6741
5568
727
3964
3186
944
2710
144
6046
282
962
8247
8910
8777
5540
3437
5977
4541
2627
4842
6380
4751
1227
952
9406
9871
4669
8930
9917
541
160
3066
3911
4577
6085
8439
6069
8007
168
1514
4290
4602
7234
971
1513
1084
2219
9973
3516
6207
589
1178
6657
4723
8596
5092
8535
1645
1618
7402
6806
2688
6319
1275
1284
3354
4253
4298
5012
8013
9
2357
6889
6969
2270
3188
1689
5491
2259
2587
4268
3380
6981
8620
2980
4721
3823
2140
214
9122
149
6352
8678
3201
689
5812
3569
8144
6340
7447
2996
1351
7198
3543
7834
1689
7337
8484
9714
6195
8992
8180
2831
2704
9021
7555
1400
8796
9823
6196
1088
7427
7498
3656
545
5780
9833
9433
6321
3815
158
2244
3319
8888
6266
1889
4214
1712
8616
497
5336
3759
7012
8867
7926
9511
6570
834
7667
1416
6696
95
281
7300
1509
2870
7835
5598
2187
8672
6377
787
9631
2132
3954
9845
6866
4058
1332
6336
3295
7486
4031
4939
2453
9133
2839
509
4591
9152
5976
6330
3759
3698
9460
728
7513
5711
4584
7810
9707
7738
4093
9688
9547
6091
8730
6097
5848
4756
5062
2990
9986
5279
1771
1628
8886
5526
1270
7814
2690
8542
6155
6293
1719
7536
2022
741
3147
7333
8476
693
6190
9534
976
2170
3573
6238
5281
2032
3234
5812
9536
431
6101
8776
7552
1813
683
4369
6790
1814
6245
4545
8784
3037
4244
2702
8498
3534
6575
5806
9019
634
9367
4638
6422
7565
2898
7711
780
839
8355
4158
5863
1669
1435
7358
2674
5067
6601
4851
1372
2673
8141
8494
1451
1751
5898
6912
3917
294
761
9917
7033
4581
490
7535
4436
164
5686
2292
7952
937
7056
3253
9807
3733
6825
7907
3189
1809
8115
9184
3867
5130
7501
5992
5520
3910
3246
458
9498
5827
1149
6454
8218
2459
5932
2581
2974
2469
9732
5248
6159
3306
2844
3550
7675
4322
2659
6333
989
6284
3389
844
5800
1127
1035
5634
9699
5567
2322
9279
9006
5111
4926
9598
2626
687
2624
6259
1511
9874
1346
3335
6559
2607
3563
9100
1167
2722
4349
2111
5230
1423
1404
1770
4278
7482
5721
8978
8584
7637
9149
1572
5916
311
6401
599
918
9318
9162
6606
9475
3217
1202
8477
1250
5676
2017
2260
6912
4776
3883
7677
4284
1070
5490
3870
3162
9640
9644
8988
8819
7997
3088
8684
8761
9239
4778
8759
3688
275
6158
553
6423
8164
9001
2854
2030
6387
6707
2778
370
6712
3056
5435
2620
2334
7845
6910
5128
3990
1464
7026
5768
8282
8657
2381
8232
8987
7229
4449
1357
2858
9553
3978
3207
8816
6171
486
8550
8843
979
9442
7944
8437
2657
6909
1728
6114
6153
8812
2674
6374
7089
3738
3339
7088
4771
984
6110
7239
7069
8840
3481
2112
1414
1554
8406
9097
6299
4690
3373
9749
2424
703
8183
276
6978
5736
573
590
3072
1404
5567
4589
9578
2118
544
580
6906
2580
543
3343
880
5811
8497
2696
1809
1896
345
2003
6447
9453
4681
2647
3251
8806
7410
7418
2519
3871
8328
6407
5952
2356
4641
2479
7065
9884
8508
8553
2235
51
3022
1655
7080
7715
7607
6567
4519
2622
9907
2050
3481
6555
9389
5925
106
8298
4574
2137
1075
7045
8387
6705
2236
9590
1788
847
6736
6863
689
6148
9433
4938
895
1811
1561
3341
8032
9680
8410
3417
569
9226
2926
2144
6749
1729
3104
752
4046
342
4315
3312
4675
3439
7673
8502
3733
2547
4947
9795
8836
4664
7816
300
2519
7750
9497
5270
3233
8039
6305
9836
302
8030
7681
1760
476
3266
5929
2108
5879
2117
7203
3796
9229
2069
7642
4234
3872
9102
4344
1212
9578
7897
1276
7934
2410
4486
5834
1168
9788
6417
4909
5229
7047
7892
8056
223
5008
6633
5290
8929
4012
234
9391
1811
5715
4423
2099
388
8592
4083
7105
5855
4853
5948
4122
5540
9035
5509
8450
849
183
8177
8596
5165
9576
1502
9093
9154
8524
6460
6966
3636
3698
905
867
546
2475
7226
9992
9288
2730
4504
4259
3742
8394
772
2661
1
8143
7000
8098
908
7908
2364
7081
5395
4755
882
157
6523
1860
5135
5553
5945
7005
6966
978
182
5015
3266
7422
316
6801
3423
4770
6319
9822
6502
3281
3322
3193
4435
2913
9717
8345
949
3168
1489
9263
8530
740
5728
6892
8660
927
9636
7408
9780
9009
6146
8973
3761
6903
7201
6890
3277
8930
2901
8307
4341
2627
4803
8622
6123
5106
8113
4664
5233
9933
4716
4990
1027
2301
3988
9992
8818
2997
936
7055
8857
20
4105
5359
6078
506
6110
8200
6086
582
6548
3854
213
622
7504
8449
898
4920
5026
3287
5923
7973
3127
1604
1241
6334
4731
5772
8170
3046
5065
3119
4903
7647
1634
2499
4394
7736
9845
7616
2239
4468
4704
2740
9003
8294
7428
7591
8157
2328
5166
4232
8847
8443
7239
1862
2040
3865
9306
492
4338
1606
5213
4116
2356
2981
1070
8492
8555
8119
267
2629
5466
8878
9390
7864
6010
9391
1587
2291
2991
438
696
7377
8810
8867
800
9608
8740
8355
2803
5756
1454
1162
6966
8017
2514
1483
1762
1309
3045
9466
356
1164
43
4376
3920
4077
6759
3150
2307
1370
958
1238
3204
1029
6375
4738
9797
2285
225
3935
2732
4576
3713
3492
3416
3034
1814
3141
3635
7532
6027
9077
1779
2232
1352
6760
5532
7609
501
7206
1350
8351
653
2107
3318
2631
4682
6715
5739
9786
691
435
4504
5964
7055
3611
185
7492
5044
4311
947
3308
5809
6045
4941
2078
5012
6208
885
9518
2889
1659
1232
1831
9567
2906
482
845
1768
8898
7046
8754
878
2929
2602
5412
6461
352
1115
3315
9232
4693
88
7600
3595
5540
2517
6561
2210
4326
4767
5010
5989
2466
7
7541
3162
8295
7804
1770
7637
1884
6601
1338
9109
1726
6681
6732
3262
1545
3074
362
8958
5858
5797
2126
3790
1505
7488
918
3608
7244
862
552
304
3965
4045
3118
9104
3462
8825
5474
5763
8779
121
3989
5470
9582
7926
9784
4422
7721
8596
5326
3970
1395
478
57
8830
4149
882
4817
1064
3094
2758
3075
9403
1811
774
5638
8374
1306
4764
9369
9481
9525
2570
4360
1067
6645
1174
1325
1018
4996
6803
1474
9168
7660
2888
9525
5902
8438
3199
4789
4552
9194
9036
1577
348
5029
7527
912
4112
457
9225
5667
1848
4526
2559
7302
7985
4390
3774
1741
3021
7310
2995
1067
7019
7905
2613
8598
1970
7383
7306
3719
6762
762
8594
1741
9431
5657
3044
4480
5699
1909
2436
9203
7574
360
5741
6260
7716
2822
5600
6797
708
4316
7465
8748
6809
3493
3931
4240
5279
8332
7720
7834
5603
1243
6286
5667
7215
8450
625
7324
2337
6499
5649
1231
438
1977
4424
117
9464
8425
290
3378
3314
4849
4857
9370
8076
9310
8157
5319
1384
3817
8780
5218
9927
513
7971
8270
3624
996
6641
5845
1742
1126
1428
6282
8045
3316
6995
9086
8817
9971
2343
4830
7836
3474
9927
1257
5482
2606
7262
8911
4849
115
6251
9940
1258
5632
6821
5956
6791
3779
6105
7521
7648
148
578
3112
7614
2654
9107
8754
5219
5895
4372
3014
6020
8833
5734
3084
6101
8873
453
7692
5471
5773
2537
3364
9696
3947
9865
7624
1007
644
2653
8116
4986
3887
3885
1549
5454
8138
1020
4118
882
6011
5755
5359
6097
4260
5403
7143
850
4677
3891
7106
1925
8668
8969
8117
9469
4279
369
3230
5732
6634
6656
3617
7536
428
6987
3421
176
9932
3873
4478
9314
193
7793
1451
5397
2894
8330
6095
5509
5748
5149
9157
1832
8690
641
316
2308
9512
5059
5626
4651
7865
1271
9277
1493
6287
5455
3852
7832
4312
3191
1021
6230
6814
9323
6400
6772
468
2534
2584
1410
5692
8104
313
8299
3301
4786
7964
3995
9026
7985
4544
4840
4310
8373
5003
3262
491
301
287
8907
1667
1185
3511
9140
7333
8012
3728
6850
2729
3220
4101
1261
6303
9846
3458
1939
4248
6307
3146
8852
9960
7473
6564
6925
5556
3503
4464
8704
7414
9114
120
876
2799
1829
3313
6606
5100
4696
7745
8084
1217
3143
7066
4506
3905
7101
308
3955
9040
4006
8633
1061
4544
6070
874
4417
2183
9625
5823
2829
1250
1256
9708
5456
6434
6485
4447
7130
309
7171
6389
3581
3936
8116
1692
4172
5544
5600
7875
6591
8864
1263
5326
1088
3548
3572
1830
3077
4580
6375
781
4730
7492
8829
9151
9402
1376
5957
2996
9466
1061
2433
9906
1954
9659
4319
5935
9737
246
4372
9860
8988
6924
5668
3421
9882
401
6704
8380
2303
7501
828
3486
2011
8623
6027
7637
4719
1628
8634
7253
9859
576
4727
4586
6022
7124
7228
358
531
4736
283
6681
2413
3096
1191
4409
6423
5074
4572
8401
1011
184
4573
3973
4916
4233
7096
3619
5121
6298
328
8789
7065
6729
4743
3155
3294
6242
9518
6550
5984
570
1146
3271
3607
761
3917
8438
2091
9445
7134
711
9171
2201
6077
6198
6441
8052
3623
1899
7191
3278
9523
745
6176
8821
1927
8464
9357
7574
1530
3746
1938
2888
6374
7139
1020
1970
6665
2633
7450
7964
7673
3891
1157
8514
177
470
5662
1989
3133
1090
8978
6764
5006
692
2812
8425
3466
4773
7639
3014
9763
9951
4750
717
658
671
7411
7367
2576
3957
9496
7100
993
9257
7437
6633
4749
1417
822
9104
2428
4205
7640
8681
9982
7067
9889
2870
5316
4917
4785
7573
4414
5728
1336
5246
9794
8304
4510
8092
6773
3728
6857
3609
7386
9565
6318
4849
4373
2242
5511
4393
8586
2446
3581
1112
3974
7345
2050
8355
3689
4374
2398
5879
7519
3434
8069
5055
7770
9563
7569
9734
6046
4091
6272
7110
552
1876
3916
2447
4956
9797
9187
7219
1177
1195
2932
3582
2971
4507
661
7443
3037
1083
3459
8849
8377
8304
9142
2020
6814
8978
1040
2856
3773
2508
9731
8793
4944
8976
652
2885
4406
1607
8096
739
3903
3782
8177
397
3841
8764
5773
3481
1797
280
5235
2486
1473
4855
146
3361
2355
5403
3440
2742
294
3607
308
7124
2468
1318
8673
3545
6025
876
5936
2845
8271
8277
4409
4731
5915
3929
1229
5770
164
3457
6738
378
5195
2435
2988
5177
123
2792
9445
5845
3935
6335
297
4156
3210
4683
5808
6559
9831
7911
4104
9637
5869
6650
9263
5468
5214
1877
9578
7994
3613
3962
2677
7377
5882
7974
6968
9425
8044
4031
7650
8968
1930
7545
4516
2612
917
1185
9500
9849
7429
7901
4268
5006
7278
8843
9303
8898
4766
1525
9176
2940
6822
6854
3839
4400
7139
8711
1081
1565
2153
4338
7451
3395
2139
4648
6858
738
9801
7774
6330
3853
5878
2273
6992
6270
3092
9082
1974
6019
7695
6029
8268
4006
9683
5403
325
4282
1770
4936
7061
577
4598
9607
6052
5402
9127
8097
943
2520
9754
8068
6236
2910
6735
8168
9048
3207
3477
2637
352
8194
868
720
3272
282
2646
764
3914
9699
9923
7181
6478
9776
1079
673
3650
9826
7378
2247
487
9323
9229
1817
3961
3281
6932
7029
5832
5982
9828
8470
1575
2195
7665
2099
3921
8557
8884
4909
5043
6736
8913
9788
7513
9055
4017
7923
6985
2846
3472
7807
2022
415
6532
1087
9778
5016
2120
3197
9764
934
4021
4091
7265
1723
1436
8505
8010
530
1186
1075
9986
387
200
1734
3211
9682
566
3731
9308
8642
9988
5244
9904
1511
7845
2444
6637
9385
9024
3251
9200
7957
6124
3599
6674
2765
8759
3478
4073
3423
131
288
1582
435
6158
1025
1974
7005
140
1572
4943
803
3651
979
2857
8313
9187
5858
9166
6632
3088
1836
8863
333
6173
8870
877
1917
7
111
9889
2150
3483
2713
8392
2769
5877
9041
2383
9236
294
2841
5798
4772
9920
632
100
1831
514
9479
6504
8343
6891
2828
3495
1571
636
2051
1590
4895
5935
4312
3509
7596
2270
2242
8358
7443
9825
6809
1194
8730
3880
2376
9767
3289
7233
4238
6183
6006
2822
8558
527
9212
4806
3206
186
7530
3886
3084
2786
9768
3332
9060
3771
1861
6192
5087
9948
2300
7191
5582
1882
1236
2934
2484
5539
2054
9447
7705
8228
634
4675
6458
6136
6234
3828
2398
5005
2712
9894
4884
9636
8619
8714
4056
2373
3381
8549
676
493
4960
6667
4867
2853
1158
996
8385
8496
3664
3481
1518
944
358
7278
2657
582
3525
651
2441
1828
8191
5160
8959
4033
9341
2708
6231
4632
8895
4146
6550
269
4163
6145
5709
1598
4788
9335
8515
2065
954
8665
401
3104
9791
2489
9174
5677
6466
7741
7259
6403
2900
6584
2337
2716
2208
4375
7542
729
2584
1994
8263
113
9466
9628
9535
5816
6977
7265
8126
8267
5912
9660
2805
22
1049
9386
1165
2818
6052
6478
3703
4510
1963
2202
5870
7513
2122
8102
9977
9402
9348
305
8828
8300
168
2113
7790
5897
2003
7192
7750
5617
9759
21
3246
9271
2008
1188
3370
9000
4335
1060
3474
4281
1080
6994
1146
9133
4686
5719
3250
1200
6199
9803
7626
6626
3666
4388
1598
8947
7868
911
2127
807
2241
6617
3649
6983
5216
8715
7889
3764
72
3232
4095
6392
1614
7909
3241
7531
2417
9548
1608
6879
3204
2028
6147
1976
3850
5800
6801
1483
337
5354
6829
5858
340
9292
1874
7386
100
1635
5109
7257
4514
2265
2658
3823
3619
4773
9375
8664
7621
5145
9661
1706
3361
1496
2268
7090
7990
3298
1742
4485
9461
413
1700
8102
1596
2322
6676
8339
5962
705
4204
7340
1185
9393
4849
6785
8489
552
8000
391
4464
3092
5445
9511
8624
8260
538
4114
3785
7621
8647
2645
302
6205
3752
3877
7660
1934
3500
1048
6371
7799
6649
4160
1081
4797
9565
3572
1572
1953
6496
5836
4054
7886
1701
6281
9206
9730
2751
1006
1128
4695
2224
2335
862
9708
525
6005
1783
5620
6573
5772
8006
8827
9440
8361
8335
817
2477
3738
634
9380
8355
6716
5065
5774
9777
4323
2678
3032
897
5306
6870
5241
1870
9175
6794
9904
8439
3082
5460
1290
9260
5362
9126
8896
7685
2172
4005
3232
5986
2873
8861
1830
7213
3178
1983
7910
812
571
3766
3785
386
4281
2407
4066
3909
8913
3317
524
9722
2551
8052
3490
7884
6559
6950
4954
6764
6012
5746
3247
3667
3219
1026
185
9426
8331
8875
9755
1434
4627
2872
5417
9304
4335
5215
9316
1912
7905
8629
7652
7034
1136
6653
5009
7458
1000
9275
7037
3993
1501
3831
5777
9218
9405
5005
5459
6199
2674
7954
6625
385
3536
4481
4092
2533
4081
7795
8836
7052
8666
7916
9404
4908
2570
2450
6490
6418
3983
8633
6989
9857
9172
8474
2091
19
2987
3874
6374
2494
4291
3798
1003
9522
9126
2405
9447
6367
8434
3141
21
2884
1506
9935
5992
5234
1864
23
6834
6783
121
5156
2143
3206
3525
1742
5921
4139
9265
6885
6360
4556
9891
1421
6014
5891
7481
7735
252
2585
967
5052
7709
4757
1099
7842
5517
8625
5935
3281
7021
8861
9578
1167
1062
4269
5363
5223
407
1117
3731
4665
9068
1509
9589
4459
3357
4520
7341
4460
2113
3014
2691
7657
5565
2
7387
1513
8254
3469
769
4195
1198
433
5782
8127
5061
1626
5250
8778
8512
3502
7269
4243
6951
7326
4558
8274
6461
5796
2518
488
89
6268
7338
4258
1868
2752
5060
2487
4910
9099
1301
1825
5658
1423
2657
7880
7330
1457
6006
3962
1440
9330
986
1943
7291
5113
177
8472
2690
5596
7704
1055
7944
8606
5777
3626
5132
1298
7371
1217
2435
1117
5117
4271
1429
8458
1566
8270
5121
5479
916
2315
8765
1836
8856
4216
9662
5420
3810
6208
1712
5267
183
7285
7730
4272
5979
6549
9666
9261
3940
4235
7440
1785
8877
7138
290
2214
8851
229
6708
2782
1792
8321
3849
1873
2689
8236
2594
1321
2678
8094
2794
4366
9398
93
5180
2662
5773
664
9089
7412
179
9033
1770
7153
1273
3165
5222
1000
6467
8288
3312
2251
4637
9809
8281
7556
8571
9477
2493
357
1
1831
6629
5265
4315
2765
5304
4963
3034
1062
5182
252
3548
751
2851
9131
5990
3781
2516
8068
9697
4452
2138
8067
6111
7742
2416
2969
216
6360
2834
4069
3941
5614
4068
8495
8632
6983
2988
3037
6774
1891
237
3240
2114
9280
1729
7129
264
60
7378
7869
3506
1845
1669
1064
4762
5212
5875
8693
3789
8232
2773
5324
8472
567
3164
6316
9202
3200
139
7895
4726
5491
4737
189
7371
9937
5879
6529
5330
200
3074
1448
299
1719
7141
3311
4947
1232
2390
6796
6814
3115
5099
5133
7038
7767
8529
9037
5950
7035
2297
7589
1949
6299
1247
495
4890
1974
8760
1061
9640
1676
744
9960
1982
5645
7326
7597
9166
3725
12
2241
7727
6083
2774
782
4490
6529
1702
4838
8638
9069
5578
8347
5808
7566
1739
6401
6274
4995
6858
9435
4094
989
4649
5442
4256
5660
1620
132
5790
151
4730
6873
6820
1061
4828
8033
5472
2825
5728
5994
9735
7147
2946
8765
3858
5680
2200
6583
25
6987
9937
2229
7209
3501
4425
4297
613
536
1019
7226
615
1794
8628
9000
5937
5957
5296
8300
3781
595
1555
7789
2237
1127
2710
3599
807
9190
6907
6118
6401
6612
8655
4793
9597
8978
5484
9794
1393
9877
2232
705
5694
4739
5917
2720
5914
8503
5158
7186
2764
9668
530
1940
2644
4613
6344
6149
4740
3410
3624
3586
1199
3456
6346
5946
5677
4640
8309
4576
4312
1767
4733
8127
1990
6397
9866
4744
8307
8142
6514
3398
9401
1167
1426
6355
2671
9259
3006
3763
652
2571
354
5502
2583
5251
2740
7148
4701
137
9417
424
2749
1761
3664
3623
8371
8724
4079
9186
8511
4975
7864
2686
1185
9400
7207
2109
6932
4155
795
9229
7716
4018
9374
719
3181
6707
7267
8418
6306
51
7691
6142
2806
968
260
2588
3482
5101
4543
4194
1156
9342
7036
8493
6808
419
8084
5943
8405
9562
4579
4472
9391
7949
7280
2968
4421
1650
4298
8370
8895
2081
3201
9989
5
8176
3534
7012
430
9434
623
2221
9844
4815
5347
5879
6816
709
4446
7140
8120
3148
6922
3654
786
4735
7851
2430
6947
7733
6205
47
6328
8983
9628
2945
1936
5533
4080
1938
4228
7986
1411
1175
8228
7238
224
7568
8080
8769
5001
3577
7215
436
9349
9532
2640
6012
4580
36
570
1744
6481
6413
2850
3498
2835
7463
7833
9347
8191
5273
1231
6118
9134
35
3416
8118
823
1371
105
8843
2216
7689
384
5064
3878
2046
4317
7832
9535
2687
1248
55
6072
1520
1728
3501
7496
699
7749
2421
7744
6031
9443
5068
4277
9941
3668
1364
476
5406
577
7416
6496
6073
5341
4186
6659
8145
5182
7576
5663
1074
3944
1694
6392
508
3079
1780
6352
4992
552
824
4038
7671
5413
3639
588
3394
7484
9780
2003
1724
9100
5499
8597
9948
6507
7343
5647
1271
4166
4815
3545
6658
6037
3720
9747
6229
3642
2516
1054
3770
8678
1120
5525
6357
233
8155
6262
3518
8612
9498
7968
6921
8396
4632
3610
1959
5534
8587
9438
8437
5833
8642
7937
3138
3228
9226
9407
9983
6557
6032
215
9294
9011
1088
6913
6893
113
9916
7720
2252
7168
8633
9464
6697
1832
5027
1172
1133
9690
3953
7316
7776
1932
6115
7002
9655
322
4936
8848
894
9445
5660
943
9344
8755
222
4734
7347
4436
7391
5093
8609
1268
6710
1469
3616
8385
7425
1015
7827
4387
3958
6933
7450
7682
1896
9449
4021
8153
485
6040
1158
2614
172
4746
8579
1898
4396
5232
2171
1075
6855
5715
3280
6403
1013
1333
8002
429
3445
4742
9533
8972
6031
8614
6680
4368
8868
5297
511
6470
9191
9756
747
5442
85
4219
7900
8908
5855
1548
1304
20
8584
2019
7646
4515
7226
3011
147
8832
9651
1062
2078
9499
1965
7289
6495
6665
4540
5495
8377
8237
8608
3489
3521
2079
2362
5991
1182
7020
8315
5797
9664
746
551
4748
2910
9046
4425
4299
8488
3564
112
1835
1818
4626
4375
8356
4353
6402
8435
2335
3288
5426
3525
5161
7388
2481
9807
5265
5550
2816
2787
5983
8838
4106
6039
5152
6341
4162
7061
8066
9907
2712
911
1576
390
391
5455
2922
2020
9982
4317
5197
304
8936
5098
6218
9392
1947
744
1214
4303
9034
1228
510
4703
5399
7692
1556
9398
889
1171
7418
6009
4149
3972
3186
5862
1756
155
9807
5675
2369
1646
7092
7076
7301
9714
1911
3089
6001
2442
1266
6342
4623
91
3062
6429
9126
4539
5739
5798
128
4999
2041
3406
89
3779
6316
5757
2086
1789
6808
6441
5552
8219
1817
9529
6812
2114
3797
1796
3640
232
4352
7175
788
9809
4011
3045
2218
4758
7451
7688
6235
5605
4945
8086
2664
4353
1835
8928
9401
985
7895
4916
4510
6502
1215
1282
3008
1070
8838
9531
643
2263
8589
6421
7563
5957
5970
6923
4487
2115
8741
4593
4766
8944
3096
5686
8597
4529
2707
7666
554
3557
8738
3534
2256
7638
219
7571
6551
1082
1535
4187
9367
4537
9677
4324
7337
1049
2221
355
2834
2726
2656
5061
3501
6877
1969
3008
5860
1735
8136
5016
427
7107
8155
7405
489
7244
1057
7250
3027
4746
3733
6632
4007
7812
83
5449
7954
6947
5522
6225
7390
5617
926
2711
7628
1296
1409
5577
361
4888
5069
7605
816
5624
2488
4740
7565
5246
4421
3056
8905
2209
5563
7447
8695
5723
5428
2456
9113
2501
1796
8122
2240
6202
4260
6059
4558
9773
826
7254
2729
4023
263
4878
9743
5640
9420
5879
5601
3983
4266
1732
1677
2117
1237
5946
4844
2195
6932
7060
9300
3683
7719
6432
8075
8132
7861
1798
201
9960
4754
5881
7960
936
7817
886
571
8487
4844
2729
6904
1971
7813
9696
4947
456
1639
487
2137
1710
246
4593
5062
9779
496
2120
8611
2660
2374
9964
4863
7524
443
3831
2329
5487
104
9778
9671
9528
938
448
8471
2431
1881
1272
7839
2910
3397
3888
3234
7106
9535
3988
9058
4759
6929
3526
1517
1789
3707
6336
614
4598
5003
3509
464
6689
8632
1269
2009
5377
939
3183
5809
8406
9835
8833
4885
4989
6644
1771
8604
2115
2275
6897
1278
9445
1168
159
9580
1635
1799
5655
7328
818
3637
5173
1570
1217
5597
5092
5395
9028
4180
3002
5898
7116
6751
1966
2809
2007
1142
5194
2363
8595
9429
9403
7260
1422
2559
9509
2741
8762
3808
1252
4786
8524
1885
7837
274
9411
1722
5555
4427
6501
5112
1941
1111
7253
2488
196
2383
9681
977
1747
5410
6760
4586
2871
4081
1161
1236
5198
7531
7542
823
5500
8864
4200
6392
4240
1220
4236
2083
2245
9443
7882
7195
9940
4155
4694
155
1207
3658
799
9496
6216
517
7381
1045
2920
4161
3305
4882
156
2098
7788
7123
9378
5662
1369
2248
6321
7341
5838
8222
9086
5168
4325
3473
6843
7627
6562
7068
2618
5200
6277
9167
7135
9304
5103
4348
2003
1425
3217
7566
197
1215
4351
2006
7451
7840
7844
7107
998
9169
1775
1885
7779
5318
9467
5534
2990
5530
8173
2046
8321
339
9462
2634
3722
2928
4681
4512
8347
4339
3174
4474
5323
2405
8756
6996
1834
2538
909
7404
1025
7826
2963
8581
2168
2297
3280
231
2113
1164
5756
5206
2017
2152
2120
6798
6943
9249
9271
7368
1205
4139
3804
6828
9540
1113
9277
99
5348
9744
5783
1223
8056
6
1516
4777
7120
3805
9256
1134
936
2390
6513
2200
2606
4387
5549
6333
961
6414
3405
182
4228
3455
8950
4454
1234
6990
4688
6357
3660
9413
2152
7864
9710
145
1616
7486
3743
8181
3223
329
8375
7035
6227
9191
8539
1112
4201
5645
9524
5627
8959
847
5277
2818
9306
7726
8411
3816
225
2766
5543
5519
4914
2291
7207
4710
5090
5736
9115
1127
9136
5067
1442
6496
4323
5928
2269
7851
9026
9441
9227
1277
2162
9607
2468
8647
2170
6215
2609
7708
8162
6660
7784
4256
986
7100
3238
9097
9895
4426
9637
1286
4616
4760
749
8536
7303
7663
6359
4144
6010
669
3116
3895
3593
689
4764
9940
1867
7653
506
30
2249
8569
4436
9998
5988
312
2289
2047
2498
4537
7027
725
8995
5540
13
2055
578
7055
8750
5707
2695
4501
7514
3181
9225
5538
7993
9947
9936
781
425
7520
1465
7617
1663
123
499
5274
8491
5499
1271
441
4409
8873
9220
3268
564
9986
5016
1277
3461
4496
4346
8733
137
9268
4452
7837
6352
4930
7743
7681
5714
2664
3046
5857
7868
4764
797
9094
4856
1842
8378
9789
8555
5943
2865
6938
5399
9693
5549
8157
1137
131
1754
1050
9549
6879
112
9191
9205
3307
8858
7
4920
7626
4837
669
7535
837
6452
4000
7596
3079
5376
4154
7771
3329
4396
6892
4458
6090
4486
8466
2453
7335
5162
3774
5082
9491
5953
8356
2555
2699
8454
97
465
2073
7721
697
3182
1114
1341
7356
7915
9150
956
2244
4992
7276
4090
1533
5922
3087
2294
2657
8662
7569
6045
7119
6212
4499
4329
311
2166
198
2471
7877
7888
4569
1158
2424
4538
8399
5419
3662
2665
3580
6050
6702
5564
3036
1967
3441
9681
1392
5922
5629
4871
9382
1384
4640
2399
9459
2302
7942
5820
2288
5553
2518
9945
5967
1505
9471
4089
8392
1540
619
6122
8404
6486
3357
6723
6885
5182
6700
9404
3824
8108
8652
3293
9304
6847
4357
1567
9208
1123
9906
5582
1645
3351
6361
3040
2846
3309
770
783
9545
9386
9061
498
891
1245
4996
7050
3227
7052
8211
2312
7811
8826
1072
1932
4172
5989
2082
8920
7702
9660
3826
7202
881
6302
3600
9449
122
8110
1332
4559
5125
4578
4130
5941
4004
26
8537
3268
6721
3869
6568
9431
8094
9599
3773
8646
3990
2832
5004
2638
5327
6158
3896
7756
9519
8714
5697
4584
6536
3384
7434
7294
4162
2064
437
903
4323
1953
3070
1366
8685
3349
6689
4383
388
9824
7016
8898
8106
9762
7477
7205
7289
156
3817
3247
6973
5679
7086
5585
9180
4400
743
911
9186
1975
6578
3068
1693
8055
359
1540
4866
9240
9297
5346
5130
1504
837
8866
7340
4096
8835
3617
7464
5578
4968
7040
637
7057
9373
5768
3736
936
3216
8263
2731
3421
6350
4168
5509
1231
3513
2049
8307
9193
8043
8390
9475
2339
1720
363
3888
9966
7993
4390
8735
3981
6378
3779
4453
4819
5825
4049
6467
3143
7289
4825
7103
8980
7547
9007
32
3773
8104
6770
6421
9742
3254
3037
3027
6285
7236
6656
8250
2639
7371
9224
3394
1671
4403
4138
7175
6522
9887
3872
14
8606
1430
9514
8323
9713
2879
7558
9857
7653
6056
3546
3149
7369
8707
2717
6415
1651
606
9141
1101
7097
8077
8172
6374
638
5142
8716
2056
2138
8457
9001
2031
4099
9098
9966
9691
999
3052
8431
1836
8844
6444
2589
3437
5614
1527
5817
5354
6535
8761
1280
8543
1870
3587
8980
9486
8758
4808
859
700
6070
5540
9632
4665
4889
1306
4232
6811
5244
4680
3663
4326
6165
1769
273
106
6643
5927
8788
7560
48
9258
7026
4178
7138
9154
8421
255
2049
4461
9579
2919
8068
5253
5369
8881
484
9881
7756
8599
818
2118
3930
6530
7812
5858
3783
1272
7770
2758
8916
5150
47
7173
7473
2683
2555
7949
6851
9052
2565
2008
9649
765
4726
9791
6760
8698
1593
4204
3247
691
7870
6955
9669
7061
7006
6173
3062
7323
7048
6696
8316
8128
8298
5438
2801
5743
3916
5639
4995
7177
1030
8446
9889
9506
8945
278
50
2841
5403
8775
4885
8354
4964
3193
4386
3410
6133
1387
7247
7638
6641
49
3007
9713
4980
440
5270
2992
504
1702
2887
7835
2406
5011
9582
6298
1865
7166
489
1969
3838
606
6241
170
2584
86
1174
5229
144
1619
9225
3215
537
2309
3219
8981
6145
8487
2930
1811
3988
2813
1173
3461
1627
106
4844
4984
865
9051
6034
1430
3782
5556
9959
141
8285
1604
2358
8523
1008
7575
7509
6201
6531
9160
5115
6416
9462
241
7084
1180
9748
5681
2799
8651
8728
9720
5952
6834
8287
6322
1618
2173
2984
5437
8316
2465
7896
4377
4100
944
4267
6812
5290
7351
5252
8175
3755
4071
4790
6824
5046
5199
6235
9252
5994
2274
4017
7745
8142
9978
9861
5237
6379
137
2519
1359
3780
5672
5661
6040
3334
9758
6644
3509
5866
4734
752
6540
3015
270
3989
7681
5716
1743
6638
9068
4123
5998
2651
9784
9849
326
4680
362
7826
975
343
540
4914
2007
8544
2869
2222
8219
8447
887
6185
9539
6251
5605
259
2696
8263
3631
1403
658
7762
1931
2229
4706
5721
1330
1590
1176
3115
3780
3676
1362
2349
9369
1467
6434
7588
533
4130
2843
1504
2422
3132
5960
6041
2861
5267
6025
7441
6263
4206
1674
7560
5431
459
8866
6159
3074
6872
1605
868
4551
7659
5766
1804
9929
210
6973
2751
6954
3605
5313
2956
8533
6151
5234
8893
8040
9451
9701
3142
7117
3250
2813
7063
6835
8771
6082
1969
3422
8340
9905
9077
9415
1381
3328
3464
65
9964
2092
2771
5466
6666
17
1750
6666
8845
8469
2220
5707
3791
4849
3066
6724
7419
9325
258
6020
6623
823
3460
1656
5821
9312
1507
3865
956
3971
8901
2325
4668
371
4052
4664
5367
7024
3699
358
7042
7269
3146
1016
8003
385
9986
5329
6108
5008
1756
5884
4901
9813
5099
1956
3384
3510
498
7039
2406
7204
5560
1032
4695
2502
936
6792
1711
2449
4773
1840
1243
9382
4795
3045
1131
5560
1856
9000
1018
8648
8906
9505
7416
1007
8538
3607
6408
6183
6342
5231
8309
9334
676
4591
7152
6632
4033
5406
1125
4393
5666
2538
2828
8620
1506
2916
4315
1706
3931
9996
2312
5418
6272
6661
5451
9177
3094
1109
4962
2103
4610
2044
3087
9726
7981
7678
7132
2399
5493
4398
959
7082
3645
8184
7352
2506
2789
1387
6743
3116
7524
7122
4874
9882
1729
2510
6484
1432
5505
1298
8954
3209
9483
8794
8727
3583
6568
5144
7951
8173
438
8188
8400
1531
4731
9952
3364
3254
7014
5821
9315
769
4305
6814
7174
8540
7763
6575
6886
4751
802
3201
1475
3523
1509
4397
896
3901
6183
2978
2332
3480
6280
2205
1660
8990
590
2884
9379
3762
9514
8383
6899
6141
6293
4899
9277
9268
1544
6588
3269
8050
7978
9495
6625
2695
5956
6441
5504
7116
1041
5568
3527
4626
9969
6420
582
3495
8333
4008
8954
4244
5700
9971
7355
6917
6100
4758
8886
1365
7509
1706
6997
9910
303
5975
9177
6506
2635
8915
7530
6162
2759
3669
85
3616
8643
3765
2276
8282
6905
8690
3916
6574
474
911
1040
5484
50
7915
4754
6965
8845
8811
1802
2590
6788
9110
1423
6945
5632
7597
4770
5328
2767
6790
3258
2166
4579
660
8057
7644
5447
308
5822
8325
3598
4549
2484
279
6948
4549
7320
342
6758
5493
9160
7247
3005
6200
1862
174
8149
6573
1147
780
4780
9110
7113
7112
8005
5125
825
7937
5548
5346
7331
61
3125
443
9852
7209
669
7513
6458
9534
530
6922
6770
7196
5646
785
1074
6790
1598
5110
5883
169
2962
1579
5062
5514
8797
7004
4696
3339
6395
8290
5328
9482
1138
1268
2925
8391
4882
9786
5756
2079
2662
3056
7502
5081
2780
1604
4025
9021
8177
2140
1285
9660
3941
2950
7207
8448
5230
1310
7770
641
8297
37
7737
5312
8491
6612
8857
3796
3221
7326
3923
8734
1158
9866
1439
6331
3386
3157
1308
1159
3088
8275
2749
7352
4506
6190
3965
7198
7838
845
6211
6068
41
722
9376
6147
6450
3328
117
8324
7132
5350
690
7536
6886
4413
2986
166
2589
5354
7778
6935
9313
6368
8327
6818
6676
9221
2543
8951
1263
1951
5239
2090
6511
2395
7740
1751
8156
7098
9254
4492
8346
4489
1870
9479
9849
3003
5537
2300
631
1925
1868
7427
6614
9605
7799
7981
3047
3744
3198
2321
9461
599
9418
4375
15
5173
2399
8495
1581
3528
7726
3375
4308
5897
1611
1848
9716
3322
3097
611
2142
5227
5137
7662
2147
4504
2129
5405
3288
7587
6593
7774
4310
2297
6336
605
1054
5956
7165
7121
5001
2077
9683
1041
7421
2587
6380
455
7019
460
3110
8975
1029
1695
6962
107
5310
9676
3369
2039
1594
4993
2697
2355
4852
5178
4174
8515
5502
1675
3996
7471
8563
2349
9799
9719
5481
8787
869
4935
3202
4215
6108
9475
945
4502
9462
3343
1481
3957
7779
4014
1777
1391
1725
9445
1716
2428
2534
362
7590
3103
4109
5550
1072
3228
7952
8917
9452
6452
1036
6606
2156
286
2239
9139
3397
8756
5806
2079
9
3959
9267
2790
4258
6224
3919
5382
1354
3189
2701
3800
6583
5075
6390
5667
5572
7886
3361
1277
6075
6163
6226
319
7087
37
9891
9508
8597
5660
3217
4109
1090
1927
3341
6468
5151
9193
5827
2203
3562
5623
3863
4721
1031
6461
4891
4896
3795
6360
8269
1222
5241
7875
5869
7933
6973
3217
7549
9097
9365
3811
2193
5102
5000
3959
9621
5740
5502
5502
5566
8056
5175
9400
9704
3784
3193
9118
3487
8170
3057
7516
5690
897
186
4297
3361
9437
1067
2884
9759
2215
7898
9453
3938
8438
9406
3005
5679
1712
3427
3699
7139
5489
7175
4811
5429
3041
7249
5789
3287
5685
2017
5888
2091
9044
5282
8585
9921
4740
9468
9652
1614
2433
2759
5629
9561
6521
6329
9516
9568
263
176
2395
3879
5785
9596
1301
7984
832
5939
9676
22
3509
9832
599
6035
4339
9350
198
4834
4996
1606
9076
7343
6187
624
5832
3818
1739
2461
520
3546
6370
8171
2410
9054
102
5387
8168
8479
5835
6516
2960
2305
285
4042
8341
6232
832
1161
6837
3767
18
4443
8360
6596
1850
2713
9250
9688
7007
4798
5
8386
1335
5527
502
6539
3003
1255
90
9556
9379
2295
7004
2571
787
9275
9262
6477
3281
4927
5482
773
2514
5072
1620
2963
9873
7863
7678
1143
8667
448
7719
6172
1866
3625
9329
4067
219
3686
2925
8740
9758
2577
8790
5241
3674
9150
5958
8246
9978
8925
9513
6608
6520
7497
812
8414
1108
3933
5105
1341
34
9862
1986
7197
4749
8468
1840
1129
9628
7482
4471
1204
3727
2884
4447
7694
9749
6296
98
6407
9246
7750
9397
3306
6440
8265
757
8090
9848
319
719
763
2583
725
939
9127
6103
7660
9190
3105
912
1240
907
262
1883
1558
9022
5631
7130
9213
1077
3
2370
5006
6882
8858
6502
7366
3473
5612
9633
7986
5403
8087
1439
673
7765
8384
1609
357
6600
864
5868
6291
9005
3776
9477
6795
8869
9360
7035
1713
9602
4272
312
8681
2630
834
4469
5138
8246
1430
2
5065
5434
997
3215
4318
2612
138
5113
5539
7338
362
2804
3521
4162
7332
2865
37
1097
9188
1773
9336
1551
5841
391
1420
9235
2822
6843
5394
6663
2654
8031
920
1424
2424
6137
8159
268
5114
5371
8795
7471
7586
8748
1764
3244
1448
452
2394
237
5263
2532
3749
5808
234
3216
6442
9454
5227
6298
8201
8792
8615
7036
371
5280
8629
4418
4394
9905
6773
3858
7296
4028
9037
472
2321
5969
7439
4802
365
1958
7462
1252
2237
6967
2431
7705
807
762
757
2504
3341
557
9668
2767
3551
7135
4463
5854
8017
7079
7181
3570
6935
6757
254
6844
4108
148
7308
8301
9874
5768
8781
289
8820
9193
7028
6358
3640
3356
1575
9767
2608
1563
5515
7833
6047
5696
8587
6369
6472
5907
7736
6047
8722
6941
7994
9052
7625
1001
1365
5404
7854
3942
3367
7231
5182
3179
9693
4138
1568
712
4661
7116
87
6692
7567
8912
1847
7496
4237
3199
837
3496
7753
7630
5335
1577
1525
9579
1451
692
797
3952
8484
8501
4409
7506
3918
6144
1742
2905
6419
3713
5317
619
4790
3566
2595
7719
9276
6987
6167
6907
1306
5498
5075
4883
8810
9197
7442
1631
2967
2745
7031
1199
632
3465
9366
2013
7130
5756
9788
7815
5669
9100
6984
24
8560
3084
6909
2051
1745
1069
9504
8395
4221
2029
3740
2769
269
9164
6309
6490
5249
9516
3353
1740
894
5157
6002
6326
1924
739
2969
3738
1371
7837
4756
7639
123
162
864
8711
4890
8801
1242
6497
3391
245
3655
236
7974
9099
8355
386
1837
9954
3302
9068
1355
2382
8467
3967
8432
2697
7962
9987
5608
6039
5069
5996
617
8500
3904
8391
5003
1084
7177
2467
6615
2694
6263
5033
9288
238
8287
1993
9439
1358
386
4578
370
5592
6874
4782
5812
4626
4403
8728
4304
3935
7318
7883
1631
9318
8049
6904
2089
8353
5138
4099
1080
6916
5186
3915
23
9976
9983
4036
4042
9539
113
3027
5240
2150
5182
8453
6978
643
4312
5340
4039
5624
8148
4087
7552
2109
7447
3901
3143
821
6473
6742
8421
7988
11
7622
4056
8830
3940
5527
4019
4872
4151
8018
5199
2477
7968
7577
6736
8751
2062
6100
5330
2280
9291
4582
9474
9483
7317
4299
8425
2268
5601
3952
2323
8793
6822
3135
5854
5396
3796
7158
2046
3086
4104
1235
3597
8769
6455
9534
7952
8473
6455
3235
5268
7089
3613
1882
6935
7686
1537
5301
3236
26
1343
5973
4950
2295
118
8810
445
9373
5475
9093
495
9130
3896
3595
6741
2581
6133
7912
2758
6935
6056
4589
4866
9991
9313
6905
9588
4721
7038
5311
106
2978
1030
9625
5793
9650
2417
6793
890
9886
2820
7576
1865
8737
8811
1901
8284
8766
2686
9083
5448
5341
2166
1607
5758
4159
4073
2533
7517
6976
4960
9262
4610
4937
1802
608
3946
446
650
82
488
5514
1148
4626
9169
3733
8805
2014
9332
3680
1415
5627
3224
253
451
981
8782
1325
6425
8739
3238
6167
5915
1366
2397
5090
1857
9918
1971
2304
2949
2521
603
5975
3758
2089
5819
5068
234
6577
7875
1502
4948
4908
3115
2445
3877
7321
8389
4389
6262
8119
2482
8427
7412
633
5521
9234
2652
5383
5777
7194
7766
3185
3351
918
7311
9712
9115
9833
6318
8314
9213
2253
6216
3553
9445
671
2398
442
5288
9690
8900
3925
3830
878
3629
990
2560
9965
2834
142
4328
4418
4193
1134
5185
1326
9090
2986
7013
7504
8853
3422
8532
7792
2423
736
3002
3833
436
953
2090
2097
8166
1217
4422
1430
59
8870
5329
358
5812
8825
8187
9355
5562
4549
9115
8961
4204
2316
940
1254
7715
9584
3550
8573
8054
9243
765
3598
2873
9532
4607
6109
7760
511
6406
4166
7794
8935
6677
258
9065
9850
5888
2521
9781
105
6892
2068
2784
3707
4853
8477
7964
437
9294
6742
5097
8872
7203
8114
8835
9910
2379
8708
8807
2786
3929
5122
3494
3620
7586
517
5331
22
2905
752
9174
2399
5221
1707
9827
4553
6692
5451
7444
4656
3897
8927
547
3145
2608
6057
3988
8364
1331
3063
5679
512
4517
2030
2779
2690
9003
3618
1878
530
3051
9636
5297
7946
3836
5401
6920
827
5005
4850
6576
1493
5585
5373
1128
8355
3000
4728
2386
1393
3770
8333
9899
6508
4636
1614
118
2036
1204
2126
2487
7248
6809
6186
5146
3006
2068
1426
5668
2069
5395
2808
2290
1881
7036
1588
7998
7690
9775
7409
1552
8138
9572
9368
432
3289
7891
855
8489
9775
7778
1757
6681
3269
3161
9237
6806
448
9153
2988
1115
7899
1195
1664
9567
4095
4574
8104
9606
1330
6328
8426
6033
9098
4837
3581
2049
1196
925
2155
5673
4294
6312
7810
5329
3845
6589
904
1895
5027
3048
4105
4288
1392
9369
3071
2524
7820
265
9100
3607
815
5368
5702
4203
7829
6194
1247
5619
7945
192
7072
4651
7837
1002
9618
1603
4627
5562
7529
4882
2300
2028
9854
3671
7498
1585
7735
7819
9939
499
1845
7858
3845
2387
6425
6353
2592
686
7555
3641
2373
5614
4889
5345
5561
5484
9553
5602
9493
9972
6395
11
1230
6561
4670
2277
1148
5111
9166
193
2377
3119
7830
3182
5111
1453
4807
7799
1790
7789
797
3240
5010
9452
8682
3184
9309
419
5330
5282
4366
6398
51
503
6093
8683
3246
7294
7705
2398
9462
5731
8144
913
1892
7917
7691
7289
4709
9632
2196
660
5953
2515
8389
7726
952
9821
4158
1298
522
105
2513
4094
2627
4552
1950
4223
5842
6965
4870
3323
53
211
2015
2718
6675
8819
5875
6972
4357
8130
6373
9382
4418
2591
1473
3063
2149
8906
4143
9118
3901
4632
2196
7030
2129
9011
3060
9824
654
303
6920
5170
5422
8583
1287
2889
6966
7413
1269
1434
6061
5456
6533
9927
9124
3024
1932
8349
3239
8621
1700
8569
1454
8501
7545
2075
3776
7165
6756
3762
9781
6607
3105
7975
7189
2353
2127
9078
3842
3494
5731
2119
6000
9022
3001
5931
5805
7369
7945
6386
336
3720
9938
3689
882
8100
37
5120
2835
536
1073
1562
9547
7817
2166
5854
3887
9991
456
266
6923
6923
4066
3799
1842
4848
8292
6311
8703
2238
1627
2939
2438
5281
2268
2785
653
7448
3196
507
5937
202
7023
2699
3350
2563
2635
4506
8382
6875
6664
4984
2789
9272
9910
3485
6919
5930
267
9214
7966
6388
104
507
4876
3611
2039
2710
9650
5254
595
4878
5387
4021
9091
5625
7224
3855
8436
3888
5592
6627
7570
8852
563
1872
7587
9022
3731
3792
8193
9108
6896
6127
9954
2648
1271
8857
7894
3226
438
225
9788
5150
2918
671
4016
6712
2405
4961
1221
3412
6896
6450
443
4066
3657
5607
9997
254
2507
4918
1530
4798
8983
8866
8494
2676
6745
3841
9005
8963
3244
6334
7787
8207
1975
2170
9691
4813
6019
7038
6114
3129
7545
203
4150
2791
4221
6162
7064
6225
3553
3200
1627
2335
2231
3937
3841
7508
5048
4582
7793
1461
730
7153
8822
2948
2944
7932
1399
7851
8884
3049
4190
6629
4426
5492
8840
2502
5505
197
8328
2122
2651
9026
2488
4395
3142
4257
6397
7644
9638
2235
8181
5154
7121
9196
1744
8531
4231
2711
5336
7734
7676
4519
255
4506
452
9424
1812
6179
5050
9555
7857
9678
5084
6144
803
7126
1622
